319
131
956
883
46
372
692
229
912
978
874
351
343
686
596
196
858
858
715
350
534
879
952
559
176
246
359
126
860
595
940
688
852
844
700
432
136
732
1
985
440
845
836
622
236
406
462
349
166
194
890
817
42
445
980
787
993
781
676
115
94
859
788
396
1011
138
239
159
172
426
795
347
406
798
7
711
828
904
533
735
775
936
56
193
677
658
129
757
97
527
0
548
647
681
729
796
295
313
657
64
378
399
726
396
210
695
755
910
82
40
28
839
613
532
177
485
950
493
115
1009
524
246
894
45
1018
237
45
747
969
521
267
379
754
510
991
223
26
84
227
404
751
887
657
727
391
29
49
415
1005
404
186
510
124
991
855
871
789
777
27
446
188
814
130
365
220
739
642
411
904
872
651
813
344
852
201
465
456
884
947
115
708
911
561
92
1017
634
560
966
115
1008
141
590
27
162
157
410
87
980
282
685
449
28
666
560
429
460
299
28
396
625
323
924
751
856
172
111
313
619
896
439
786
212
646
455
275
624
618
255
837
642
483
29
251
282
293
549
818
67
690
1022
384
693
303
76
554
522
639
729
885
1017
927
791
18
8
128
321
773
225
890
19
360
340
420
673
658
440
458
337
98
186
761
813
200
738
582
941
552
716
759
9
351
358
52
299
59
405
601
937
803
1019
110
53
169
172
881
510
366
336
175
455
171
998
970
116
391
24
777
122
448
186
777
420
187
286
797
539
748
829
169
239
127
980
595
419
686
40
312
73
55
58
251
904
635
731
71
57
835
813
757
166
820
769
270
391
50
14
983
619
610
902
29
260
815
213
47
81
918
255
207
426
346
735
539
391
841
66
570
918
60
545
1023
203
124
526
341
263
345
950
253
870
427
117
198
776
304
971
194
975
893
819
928
612
992
771
970
5
135
822
570
80
400
424
950
185
596
48
842
390
740
501
760
243
776
278
739
1005
169
329
641
238
360
709
455
498
944
420
586
670
112
78
358
347
954
653
845
130
217
894
508
230
242
381
215
160
715
190
164
324
503
199
773
660
206
998
800
787
698
834
102
277
992
257
813
904
487
487
52
582
856
692
804
784
322
804
937
265
431
887
45
219
148
728
561
865
842
975
416
546
144
740
359
997
49
422
157
328
644
545
445
70
835
265
305
371
568
708
304
161
385
703
192
51
899
441
872
895
987
248
191
646
854
439
237
717
374
267
335
603
778
442
692
401
935
636
833
213
652
353
236
574
53
91
699
359
383
330
674
600
829
561
640
133
857
1002
635
603
525
564
363
684
874
557
951
566
537
65
700
861
59
868
730
372
51
185
927
30
517
80
885
734
486
165
828
302
962
12
745
853
503
26
625
549
382
24
524
134
974
557
271
929
354
895
914
7
146
93
534
434
715
750
567
199
14
524
371
358
608
907
9
564
324
573
278
381
741
537
887
31
91
906
234
632
1022
227
136
524
625
641
609
277
382
948
900
542
774
335
329
648
97
665
643
696
74
659
222
273
595
70
85
401
619
822
989
317
876
50
187
382
997
680
629
852
712
1014
796
989
893
649
787
335
307
886
1006
429
424
561
0
109
346
687
633
440
758
406
860
1000
732
907
1023
274
220
882
646
452
160
409
1015
419
433
1016
957
372
597
476
63
669
936
641
510
903
865
648
350
855
639
787
726
501
718
454
549
479
277
129
34
192
765
691
299
690
302
975
854
665
132
551
942
981
772
146
1008
235
695
91
662
691
34
831
354
135
186
511
803
295
676
733
402
124
198
545
115
750
610
108
745
972
636
922
382
273
183
392
897
846
944
1019
506
904
652
984
226
454
90
484
835
205
351
904
172
510
126
666
330
694
703
868
577
640
912
764
475
903
176
421
311
363
839
255
325
113
414
852
56
169
837
418
355
101
33
1019
680
612
424
490
487
649
553
271
229
366
774
124
4
568
223
451
709
863
92
232
250
572
978
150
453
201
615
735
577
724
278
653
213
66
819
341
627
406
573
819
337
330
77
90
498
607
123
252
395
833
748
86
845
337
150
484
921
264
921
430
206
384
664
939
92
631
598
677
956
665
893
879
334
949
669
390
453
626
406
348
574
819
277
509
789
99
510
331
166
221
155
455
921
645
609
627
1018
95
863
21
88
709
432
31
196
36
849
33
873
282
936
160
745
183
102
208
945
239
8
55
579
291
505
161
937
839
932
306
909
262
842
293
484
882
723
942
321
695
469
498
787
392
307
919
922
260
921
191
136
126
75
957
718
167
809
190
695
677
637
690
412
407
664
328
162
570
338
349
840
495
833
485
991
468
763
687
28
87
579
400
494
339
704
939
152
625
84
312
201
598
770
562
297
535